airrace1.jpg:[150.12950988 144.09007397 128.38231658  54.06747139  55.41041339  55.1456454 ]
airrace2.jpg:[180.5857958  173.95473273 166.72588589  17.92035087  20.91573367  27.96082195]
airrace3.jpg:[145.30667421 144.92280543 152.81536199  52.06194718  61.23007102  59.28698952]
airrace4.jpg:[133.47633133 125.46338554 128.84127711  48.04276866  48.9475859  54.2806966 ]
airrace5.jpg:[123.16501867 132.24451733 126.92885867  86.07969322  75.87424011  80.07245512]
Aliceillustration1.png:[112.88601297 146.3373039  159.16668408  73.46312485  75.66851935  76.11928388]
Aliceillustration2.jpg:[133.40966933 132.252048   134.082448    67.80608968  66.66730699  67.58876989]
Aliceillustration3.jpg:[164.17079076 185.71761526 191.41028992  81.41629023  89.26332074  57.9802773 ]
Aliceillustration4.jpg:[132.03882161 135.14700195 132.51446615  40.98736669  40.8334253  39.8750537 ]
barcode1.jpg:[182.47349345 182.47354585 182.46489956 108.80177579 108.80181064 108.79609452]
barcode2.jpg:[108.30850299 153.85118563 181.49188024  86.1203721   47.41947803  43.85649905]
barcode3.jpg:[117.23300528 117.23300528 117.23300528 121.42004603 121.42004603 121.42004603]
barcode4.jpg:[115.35152225 116.67022834 115.2177803   36.10936376  35.09490567  35.71273492]
barcode5.jpg:[223.08217728 173.49266209 118.68961741  19.90955603  51.69800339 101.10993336]
bird1.jpg:[34.95664899 33.59341098 33.36881458 27.13675622 27.05929744 28.52518818]
bird2.jpg:[146.0252012  118.2015976   97.27510511  21.31148068  17.88493942  15.29225359]
bird3.jpg:[140.29666992 136.86389844 132.1305918   40.9927962   36.61643708  35.68678971]
bird4.jpg:[164.90201723 171.49164729 181.874641    42.02408249  42.52316348  42.83131434]
bird5.jpg:[175.63314281 165.61365053 157.52805077  61.87922206  49.74804086  39.90482591]
birdnest1.jpg:[77.3774918  95.85504279 99.00093957 58.61904524 53.32333847 54.50843943]
birdnest2.jpg:[131.11124086 144.73806501 137.64531927  66.36384621  59.72012475  67.25009165]
birdnest3.jpg:[48.1438115  48.17216378 60.26620783 40.71713694 39.64830701 51.50100367]
birdnest4.jpg:[108.29939502 127.42989324 147.39086121  69.17396981  64.19753947  57.03263544]
birdnest5.jpg:[139.508144   127.66926933 122.09477867  66.98167863  53.8786458  43.93164865]
blackcat1.jpg:[50.396544   59.32883733 73.82591467 49.51538558 47.95742978 61.55856661]
blackcat2.jpg:[ 82.74024533 110.13475733 124.46926933  74.09404096  83.16820572  88.07538498]
blackcat3.jpg:[ 72.64312348 137.72998319 111.91343144  60.11632124  75.16637459  65.54854509]
blackcat4.jpg:[202.78743413 201.51736314 202.7622219   48.72118737  50.74858205  48.77296204]
blackcat5.jpg:[151.04178309 172.13326103 186.64323529  96.02724694  95.14625264  88.74075005]
boxing1.jpg:[61.93256585 69.70785366 78.04996585 73.11340419 75.35308579 88.90753978]
boxing2.jpg:[20.70059459 28.59580781 46.51761562 39.03842008 50.65292859 75.61638276]
boxing3.jpg:[60.6878702  62.86291211 68.54705891 52.79136152 53.55082708 60.19997627]
boxing4.jpg:[20.34892111 41.63171855 77.05131343 42.2040117  55.00751011 80.50699247]
boxing5.jpg:[75.6654124  76.09105121 84.44109973 74.79083817 74.53246367 81.30493888]
brownbear1.jpg:[ 90.82398795 127.96893776 142.50189771  61.22892971  66.14513639  65.56697597]
brownbear2.jpg:[ 89.21042169  97.98128313 100.64463253  59.34895752  58.45337081  57.9850852 ]
brownbear3.jpg:[ 82.19440178 111.83721736 124.70061034  51.03453335  60.24830076  58.04694245]
brownbear4.jpg:[ 84.6569416  157.23312354 127.30068062  56.39381897  63.4832986  56.01644393]
brownbear5.jpg:[98.61022363 96.95301573 97.77518575 51.53914951 56.70591056 57.42037941]
butterfly1.jpg:[ 89.09238553 146.91497711 143.69781136  61.61504996  56.22248648  55.56533721]
butterfly2.jpg:[ 94.09360974 128.15733514 139.17605315  60.92408678  55.42631185  63.24381952]
butterfly3.jpg:[27.75702305 70.96164533 67.64116517 34.69251934 34.05939672 61.05191892]
butterfly4.jpg:[ 80.38518994 136.66605587 147.47712291  37.65930976  46.98341025  49.4026693 ]
butterfly5.jpg:[ 40.92843733 125.57150933 108.32538133  38.90882647  49.0678417  44.74799421]
cablecar1.jpg:[46.24955833 49.1222     35.51597917 31.98461655 29.65462823 29.72979263]
cablecar2.jpg:[110.27801314 121.55486927 113.43840884  59.05549312  28.47078639  31.27585031]
cablecar3.jpg:[151.97832176 152.59439815 150.79739455  73.49225059  67.38195423  71.21878656]
cablecar4.jpg:[149.140704   146.37224533 137.50104533  49.25981621  43.45315324  44.86103419]
cablecar5.jpg:[126.263664   137.94669867  97.01264533  64.24730819  68.34889199  74.55838829]
cake1.jpg:[114.58636542 117.22504068 121.30327041  53.8664112   46.71733262  44.34807761]
cake2.jpg:[106.42598933 117.085072   149.619968    92.01672694  89.31431724  66.62716125]
cake3.jpg:[ 41.96799035  72.69110932 173.05696141  33.59137518  39.37737657  50.03575975]
cake4.jpg:[77.29278971 91.54210286 96.88701823 65.58450298 71.1734972  77.00861252]
cake5.jpg:[ 60.54291934  87.01027668 120.4647542   61.87704107  56.05975056  41.12432435]
carnival1.jpg:[ 32.29347733  81.767744   105.71025067  33.858564    58.31593711  66.60150215]
carnival2.jpg:[ 93.688784   104.55658667 113.183056    59.37200861  64.78390313  67.96366519]
carnival3.jpg:[ 84.94284015  99.35565522 103.33794882  61.39017143  63.94158401  67.14015318]
carnival4.jpg:[ 82.72429036  98.46608724 115.11608724  60.0037865   61.77610301  64.49320282]
carnival5.jpg:[ 96.1563737   82.75986979 134.68958984  63.08660188  66.82136508  64.25238834]
cheguevara1.jpg:[119.92854249 141.13767154 163.8848731   74.49420782  80.46921684  72.29434696]
cheguevara2.jpg:[120.41737671 118.11370548 116.30073288  56.62958018  56.46064476  54.88879247]
cheguevara3.jpg:[119.50317034 119.50317034 119.50317034  73.02893723  73.02893723  73.02893723]
cheguevara4.jpg:[65.14291341 56.1191569  62.07       48.26531535 45.83235931 49.88936636]
chinesecharacters1.png:[236.68012301 236.68012301 243.0284013   63.77554664  63.77554664  51.38879354]
chinesecharacters2.jpg:[ 80.18156757 105.50665465 140.80785586  88.20319995  88.76393898  85.69650446]
chinesecharacters3.jpg:[ 84.90973125  89.74846875 103.79119375  77.15394956  78.54447992  75.8887581 ]
chinesecharacters4.jpg:[216.58573333 216.58573333 216.58573333  91.07451714  91.07451714  91.07451714]
chinesecharacters5.jpg:[ 93.8833455  102.88293297  76.00914866  53.17242435  54.26864885  58.83930052]
cola1.jpg:[58.72025935 66.97956721 89.66625086 79.26001854 83.72986928 90.78472529]
cola2.jpg:[48.35038933 75.61080533 97.62034667 28.7077376  36.84078355 40.07435072]
cola3.jpg:[132.96496994 134.74890581 142.73443287  73.83565881  71.71698271  65.71984357]
cola4.jpg:[60.95112745 70.98760784 94.63956373 67.31189989 67.35230518 79.55649024]
cola5.jpg:[190.82373574 199.46622222 218.03793393  72.76390514  74.1435289  69.57789061]
diver1.jpg:[123.01750375  73.70928486  28.9686057   47.47732767  43.21233376  47.55402033]
diver2.jpg:[152.6045679  160.8291821   26.749375    55.22034502  58.6500587  31.9444829 ]
diver3.jpg:[114.12273112 118.81924479 101.03655273  61.00027103  54.07815173  45.20376726]
diver4.jpg:[127.5124349  138.61222005  70.2634668   61.88177605  52.00872884  41.90359785]
diver5.jpg:[132.60725911 140.71190104  80.27359375  35.86275623  47.63882298  54.06074145]
dragon1.jpg:[ 83.45715733 102.25831467 104.72088533  96.33829203  92.22296671  87.5371934 ]
dragon2.jpg:[73.56895181 81.40973494 95.4714759  59.74021817 67.06819185 63.51377144]
dragon3.jpg:[122.373792   139.64825067  99.88099733  61.43495519  43.05615274  68.99957518]
dragon4.jpg:[64.05924805 86.59703451 67.55203125 46.97793353 52.61431582 49.69161953]
dragon5.jpg:[152.61268339 157.81551863 163.78783011  59.84272117  58.75140244  56.17454429]
drawskelet1.jpg:[148.19145865 179.75650627 200.48095739  37.98957508  42.08351518  36.70057949]
drawskelet2.jpg:[216.33542382 216.33542382 216.33542382  85.96773421  85.96773421  85.96773421]
drawskelet3.png:[228.43808977 228.42683531 228.71651776  69.60515169  69.63650932  69.23635869]
drawskelet4.jpg:[150.24934117 150.89102564 151.15093928  29.97149642  29.15446603  29.42976007]
drawskelet5.jpg:[184.4225638  190.2758635  209.36702077  49.7350143   54.25234325  53.19483595]
elvis1.jpg:[119.5329203  113.39540991 130.08772333  73.8333665   77.23568959  77.17097596]
elvis2.jpg:[117.85097807 117.85097807 117.85097807  66.50511917  66.50511917  66.50511917]
elvis3.jpg:[ 74.401188   129.821948   142.528124    36.52132709  68.47057112  92.67385354]
elvis4.jpg:[74.93205668 74.93205668 74.93205668 59.74179366 59.74179366 59.74179366]
famtree1.jpg:[248.70052357 248.70052357 248.70052357  29.13802695  29.13802695  29.13802695]
famtree2.jpg:[ 29.16518325 175.19046597 192.4293822   49.81331938  41.17568108  47.04043284]
famtree3.jpg:[249.2351     249.2351     249.2351      36.85069847  36.85069847  36.85069847]
famtree4.jpg:[ 70.41864583 116.52380534 145.38277995  22.71865721  22.19677534  23.62618472]
famtree5.jpg:[204.12773665 176.8371032  164.40425623  33.28839223  38.6305489  56.02749764]
flaguk1.jpg:[136.885488   104.9992     164.28592     90.67072705 106.77100205 103.90903657]
flaguk2.jpg:[210.18919167 150.684925   149.8699125   62.30906086  49.39266446  38.19401358]
flaguk3.jpg:[191.14368047 157.36397468 152.62700893  61.30357254  49.64031478  45.37445966]
flaguk4.jpg:[159.30209055 144.23585526 191.55057999  93.80598713 106.31542803 103.61404734]
flames1.jpg:[53.30772372 76.96408408 90.88802402 55.38979901 45.25313038 51.46516886]
flames2.jpg:[ 21.670676    52.247832   137.507072    47.6266185   71.64978986  89.1909524 ]
flames3.jpg:[ 84.08015332 101.39725279 112.73905516  37.26387443  42.81879459  48.02302536]
flames4.jpg:[ 55.0003776  120.77941406 152.72922201  55.63345014 103.96534939 115.50996424]
flames5.jpg:[ 7.37498667 36.82043733 75.38064533  4.92154376 46.15923734 66.15642207]
fountain1.jpg:[ 99.83661865 112.56148112 106.44982422  59.9615639   50.04273829  50.40976139]
fountain2.jpg:[79.72798828 83.23261719 84.12053385 68.12060862 64.02588143 63.77705265]
fountain3.jpg:[129.43418757 121.35150655 112.8170255   63.11730394  60.7669597  59.82477165]
fountain4.jpg:[143.25671588 140.80670872 141.28909475  77.56629518  73.29663986  71.01156124]
fountain5.jpg:[140.19232708 145.30818083 165.11517137  72.29411069  68.40508805  65.31092561]
freestyle1.jpg:[202.27852853 199.16622222 198.58393994  55.41216854  55.44122498  55.01720953]
freestyle2.jpg:[143.58706907 147.23562162 148.88813213  87.68148406  82.91322311  78.90027805]
freestyle3.jpg:[130.75857057 106.57717117  89.98676877  56.58264311  39.29975704  34.44606977]
freestyle4.jpg:[124.82267868  77.14301502  17.81163363  51.70531613  36.42843991  43.08895452]
freestyle5.jpg:[146.92077477 115.77003604  77.49041441  80.49557711  51.55678626  37.85666183]
golfplayer1.jpg:[ 55.2398494  114.40741566 108.28472289  35.98596927  68.09792723  63.7323797 ]
golfplayer2.jpg:[63.56608408 94.46795195 84.89004204 35.39615186 35.4817417  33.16630485]
golfplayer3.jpg:[ 60.80177108 103.6354759  101.1320241   37.84426148  56.42359496  55.64284659]
golfplayer4.jpg:[29.25518919 56.22202402 45.14057658 42.88497936 53.27913662 54.29370763]
golfplayer5.jpg:[ 73.21477477 109.58424625  99.83183183  42.85089279  55.32447814  59.17548886]
gondola1.jpg:[106.02346163 127.7936782  127.38617526  52.51006143  58.30909758  60.01323352]
gondola2.jpg:[153.94757333 144.77283733 123.384992    43.43056611  44.36508822  54.19912663]
gondola3.jpg:[123.38261064 133.96555742 136.45048739  69.03047081  64.17139228  65.92371406]
gondola4.jpg:[116.70843243 120.03353153 119.80664865  68.39034833  69.93573746  74.78823567]
gondola5.jpg:[102.07702102 106.68690691 101.14004204  60.85012239  56.14028987  57.72913367]
heartshaped1.jpg:[114.361168   120.00605333 118.0996      49.60952678  48.15998074  45.0069184 ]
heartshaped2.jpg:[ 29.78238     50.040755   133.51077     29.11445176  41.12856907  51.27205471]
heartshaped3.jpg:[122.62651273 123.30981946 105.46502976  65.73098554  43.86262544  36.9233396 ]
heartshaped4.jpg:[67.87719467 67.87719467 67.87719467 42.34958237 42.34958237 42.34958237]
heartshaped5.jpg:[ 81.89560116  75.66096532 112.99121965  67.36887651  59.91920522  55.45248529]
housemountain1.jpg:[67.714544   74.77534933 33.55450133 52.07232696 39.67343287 29.92664561]
housemountain2.jpg:[125.04177961 133.11560828 123.21897609  87.45868812  81.68727155  84.07819642]
housemountain3.jpg:[127.84575195 142.93216146 125.19233398  83.31906033  57.93602508  55.20782005]
housemountain4.jpg:[119.82274137 115.3873411  101.05488423  83.67604894  68.84379193  63.08762213]
housemountain5.jpg:[127.5080013  112.07026693 107.0956901   82.93989796  63.05034992  63.93508628]
kissingcouple1.jpg:[126.03102502 136.64268209 128.52869672  52.59717581  45.45642279  47.54860381]
kissingcouple2.jpg:[127.12538779 130.69382013 164.07252475 103.26496086 106.48058187 106.13333776]
kissingcouple3.jpg:[ 99.7012     119.42945067 181.11060267  78.75272669  86.33735444  70.56664452]
kissingcouple4.jpg:[171.56595195 165.12166366 159.74801802  80.18049424  77.60792212  73.62611966]
kissingcouple5.jpg:[ 70.03805581  91.5870186   79.04604651  44.56958597  81.92952087 101.42460759]
kisslive1.jpg:[36.62074097 57.24264847 86.17831144 40.75452309 50.78691734 58.92884225]
kisslive2.jpg:[70.01787733 46.71086933 40.774048   74.68015298 70.90097077 65.81128614]
kisslive3.jpg:[114.75309333  56.71896    126.017616    45.37024214  40.86325108  53.8148203 ]
kisslive4.jpg:[17.52241573 23.88248315 36.82592135 29.9024837  34.18698055 57.97576082]
kisslive5.jpg:[37.66157333 44.08087467 43.44351467 46.62413682 53.4956655  53.32791963]
maleportrait1.jpg:[125.14477698 122.35972662 134.01519424  73.36307417  63.51796522  61.35926952]
maleportrait2.jpg:[45.87028125 44.73523125 52.57235625 50.08217127 53.44269622 58.47007078]
maleportrait3.jpg:[77.82332923 80.46193406 99.57285433 55.50507865 55.5365872  66.21979093]
maleportrait4.jpg:[100.72574649 110.21156323 136.47759075  64.11532918  73.19499368  55.73851096]
maleportrait5.jpg:[ 98.91222124 103.81400748 110.46018559  52.66129695  57.46536814  59.71155222]
mapeurope1.jpg:[174.36471823 141.95370166 132.78435912  69.28370706  61.52980377  62.8162783 ]
mapeurope2.jpg:[212.75911727 212.75911727 212.75911727  44.20822934  44.20822934  44.20822934]
mapeurope3.jpg:[195.26826026 212.08482809 214.04147455  55.42332431  58.27433256  59.36993769]
mapeurope4.jpg:[208.30670618 203.45852035 198.58829844  45.28636258  48.51914086  50.72343721]
mapeurope5.jpg:[209.57898453 183.47694913 122.07979934  28.22873494  18.91114172  73.5508221 ]
minicooper1.jpg:[101.88988787  98.06897425 127.18130814  66.89461456  68.23340188  71.3557087 ]
minicooper2.jpg:[114.817376   125.74530667 129.86706667  67.15492975  70.32364216  75.15802707]
minicooper3.jpg:[90.14313772 97.72227545 94.21413772 67.60736604 66.57066891 64.95722191]
minicooper4.jpg:[122.72447467 111.71841067 138.830128    55.3829713   58.2373344  66.03510042]
minicooper5.jpg:[91.63138138 83.90621021 90.36347147 79.83419985 77.72320478 72.70602568]
modeltrain1.jpg:[71.58993751 81.62918441 89.77709668 54.0909686  46.99482368 48.31190322]
modeltrain2.jpg:[67.13559288 68.18110894 70.67768579 57.32279566 56.83113172 54.81454425]
modeltrain3.jpg:[95.41141333 87.26381867 86.94134933 49.9048745  58.39331834 61.83789535]
modeltrain4.jpg:[ 57.54228228  88.32636637 113.33875676  61.25350099  66.29381526  74.96900197]
modeltrain5.jpg:[127.85028267 133.42722667 139.25522133  60.98246564  56.90714439  52.86790737]
playingcards1.jpg:[113.46009079 117.41780829 135.69545457  80.13426762  76.29651021  68.02275189]
playingcards2.jpg:[161.93597222 185.93081522 195.59844203  54.16600613  62.23652932  64.76672266]
playingcards3.jpg:[195.99134132 196.90329341 217.82855689  73.6195504   75.04507668  49.04547007]
playingcards4.jpg:[82.70373867 84.88542933 78.49171733 71.73189736 73.5310568  70.10506364]
playingcards5.jpg:[62.82889277 74.48480798 98.47994015 74.49617141 70.58104409 74.10093374]
redroses1.jpg:[103.3652     101.90610667 176.72385067  47.11510263  60.5462667  54.86865566]
redroses2.jpg:[ 89.36245936  92.18667845 124.10738516  64.06667354  65.45677342  36.63233885]
redroses3.jpg:[ 70.0879069   66.75529297 126.88381185  64.1054067   70.95528151  68.45573292]
redroses4.jpg:[ 86.21009639 110.77664458 109.80293976  69.39051898  69.71188001  70.42333445]
rollercoaster1.jpg:[124.29357747 126.18114909 123.16472331  90.93359818  85.10737122  82.24079984]
rollercoaster2.jpg:[194.6981813  183.17654163 151.93833475  61.00937959  39.17247902  40.47933007]
rollercoaster3.jpg:[121.32622873 103.95514598 101.8014598   71.48464881  60.37883729  55.40329926]
rollercoaster4.jpg:[172.25426667 157.58317333 147.74378133  76.55007058  64.2255141  60.03018894]
rollercoaster5.jpg:[145.01755733 130.78785067 122.31229333  77.60980997  73.56661421  59.88433646]
royalportrait1.jpg:[ 77.58981982  85.90043844 104.65101502  57.05434582  57.11486443  70.48775243]
royalportrait2.jpg:[ 80.1591952  122.12838438 138.73617417  49.07094456  59.33862026  61.100153  ]
royalportrait3.jpg:[27.84065672 51.70921194 95.26578507 23.8740625  47.97896066 54.23287159]
royalportrait4.jpg:[37.92699099 39.74742342 74.14275676 47.97251944 47.30286078 77.57406465]
royalportrait5.jpg:[ 97.62182583  92.63229429 105.74224625  67.12224444  64.39435704  72.30185699]
sagradafamilia1.jpg:[143.963376   116.78475733  95.84960533  84.32711898  55.31781973  46.49349477]
sagradafamilia2.jpg:[147.86261867 120.27224533 103.69305067  91.51868677  61.39256185  47.12712675]
sagradafamilia3.jpg:[145.87766867 144.0845241  129.39589157  64.17499967  55.05462408  56.00002016]
sagradafamilia4.jpg:[149.93876267 152.202016   153.56832533  96.69549027  94.37345734  92.12766203]
sagradafamilia5.jpg:[151.59543027 153.01221958 138.83488427  72.68118612  60.61952383  64.2618863 ]
satdesert1.jpeg:[111.78741515 135.70754466 147.17343319  54.65972807  49.19840963  49.57528226]
satdesert2.jpeg:[105.54392398 107.36252105 106.67354056  36.14139153  46.04705303  53.7554612 ]
satdesert3.jpg:[124.74918155 163.22429992 192.0804214   19.60153859  26.27512359  25.58561715]
satdesert4.jpg:[132.18480567 177.16059442 215.08867856  22.1051312   28.21758035  37.48528699]
shakehands1.jpg:[131.50658627 106.72396938 126.90635348  73.88690957  83.37170641  87.50042028]
shakehands2.jpg:[ 80.97078848  98.31630833 120.26238898  75.21302292  93.03056377 102.99962171]
shakehands3.jpg:[ 74.17829762 115.15020238 134.27664286  72.30278782  81.38033926  86.58141299]
shakehands4.jpeg:[101.2333234  125.87387978 151.38714357  65.90389159  71.54342159  75.25364697]
shakehands5.jpg:[75.29814538 84.44163723 78.21598505 69.77077518 74.49066379 77.57776643]
sheep1.jpg:[113.92549102 133.14492814 144.35761078  63.2247257   66.94865685  66.49978444]
sheep2.jpg:[58.19813867 98.10223467 98.226352   37.4684967  44.38200255 48.24553635]
sheep3.jpg:[114.92708108 121.96084685 113.72852252  78.65345521  75.3583538  78.80426758]
sheep4.jpg:[124.79934933 131.48896    131.01483733  48.75541729  44.5071458  45.63807561]
sheep5.jpg:[110.71058133 124.06513067 110.41854933  68.06282096  60.89618176  68.27649368]
skeletdino1.jpg:[ 65.28647452  88.92270677 108.90346282  42.67171135  48.56495929  65.67522901]
skeletdino2.jpg:[60.908912   75.04787733 87.42136533 33.66109329 37.68763908 45.49014437]
skeletdino3.jpg:[ 70.67941839  95.61670985 108.96166942  34.93686007  48.711551  53.97866237]
skeletdino4.jpg:[116.87350933 122.59280533 125.26977067  68.10615068  64.98296532  62.8128022 ]
skeletdino5.jpg:[126.00931783 132.97379627 137.1052799   69.27763514  66.52920655  66.63676476]
snowshoe1.jpg:[146.34661272 149.14915607 149.81210405  92.49673888  92.90630569  92.90471482]
snowshoe2.jpg:[131.43360026 128.87060872 130.31556641  58.72653664  61.05751307  61.30562176]
snowshoe3.jpg:[155.46484701 149.55051432 149.1069401   71.55249922  73.94392702  75.7119993 ]
snowshoe4.jpg:[138.17109049 138.17109049 138.17109049  62.99393398  62.99393398  62.99393398]
streetart1.jpg:[131.36254875 139.15994429 143.19059192  70.88078918  71.19380462  71.99938335]
streetart2.jpg:[ 95.8363444   99.94085531 104.53478923  62.46209105  59.97302299  64.00470597]
streetart3.jpg:[ 95.97175783 104.95079119 117.79545064  71.70822584  74.37154888  81.71787214]
streetart4.jpg:[136.18298667 134.37925333 136.63607467  56.54027613  55.32202789  57.01508971]
streetart5.jpg:[ 44.43476267 132.24714667 161.95384533  31.7778045   29.9986399  28.91354696]
sunflower1.jpg:[128.10463855 175.15937952 185.74020482 107.87624269  56.5254356  44.21279309]
sunflower2.jpg:[ 61.86672072 155.15505706 167.20337538  31.91975481  37.76060374  43.57701734]
sunflower3.jpg:[ 70.01496094 150.33411892 174.04837674  69.26983932  58.38027286  65.54602751]
sunflower4.jpg:[110.85936523 138.13858724 125.47817383 119.1548762   64.11204461  52.50334121]
sunflower5.jpg:[ 68.21538667 140.762048   129.360736    68.95295133  54.04401572  63.3852444 ]
twoeuro1.jpg:[152.49144489 179.24397063 172.64629688  64.03162241  48.09790065  53.78204401]
twoeuro2.jpg:[72.4378979  83.65354354 90.43708108 87.93504615 92.96508595 95.01787358]
twoeuro3.jpeg:[135.24776291 134.71175166 134.55176988  75.12129278  75.76920943  76.42427593]
twoeuro4.jpg:[143.07985026 146.71860026 147.26779297  65.91169072  52.73670091  47.36170719]
twoeuro5.jpg:[138.61795833 153.62508333 159.25285417  69.4035563   62.21683035  60.36893726]
vwbeetle1.jpg:[118.885616   114.62157867 134.64934933  63.16367352  64.93346114  65.86015636]
vwbeetle2.jpg:[125.9388     136.86428267 138.72168533  83.66979315  76.08888267  73.66824287]
vwbeetle3.jpg:[110.74565414 109.67965414  91.57802506  57.30388335  54.82052  45.90567252]
vwbeetle4.jpg:[75.56372267 84.13089067 89.39648533 55.1850915  57.59672165 60.81688011]
vwbeetle5.jpg:[81.99467456 92.96046154 80.43452071 57.21033099 69.65713953 61.95309064]
whitedress1.jpg:[17.69712776 20.01723083 19.50241708 40.53979513 48.82042262 46.39748623]
whitedress2.jpg:[ 81.71043646  68.74238122  61.80916022  98.52050511 100.05977265  94.23957773]
whitedress3.jpg:[69.43382635 48.94413772 32.47837725 70.49330816 66.56995932 64.73525115]
whitedress4.jpg:[130.108165   132.415095   133.62846    112.20386943 111.20348412 112.7969937 ]
whitedress5.jpg:[59.66945274 64.98822886 72.93014428 55.18227167 55.08612741 58.69343476]
wolf1.jpg:[61.08075846 66.79600652 61.35673411 58.5942463  54.91140129 58.62437156]
wolf2.jpg:[179.64846296 186.21985802 195.03665432  69.39872777  58.85279367  51.14545455]
wolf3.jpg:[120.49250363 143.38355878 136.01013643  67.77135353  58.81093068  63.05238075]
wolf4.jpg:[ 94.53698667 108.64529067 110.48405867  70.66734241  64.27234491  63.19979364]
