bb1.jpg:[1.84167697e+02 9.99929879e+01 7.64202520e-01 3.45063286e+00 4.23617294e+00 2.17058850e+00 1.00000005e+00 9.14093493e-02]
bb1.jpg:[193.93268083 114.11291478   4.75913106   8.91265561   6.44797738  11.46807835   1.00000006   0.71091716]
bb1.jpg:[205.38038393 130.63171479  26.86618809   4.75970502   5.41089824  20.64166856   1.00000002   0.68522979]
bb1.jpg:[204.12401384 141.33965398  67.15944637   9.43034111   8.01935797  20.33292561   1.00000005   1.01312263]
bb1.jpg:[164.70547566 134.82024336  97.3227323   42.25767502  26.09645972  37.11198362   1.00000008   4.76003372]
bb1.jpg:[ 92.57393822 108.33088803 119.52644788  43.91261655  52.61947402  62.51414879   1.00000002   5.45004328]
bb1.jpg:[118.04743631 155.47553566 183.53619017  36.56689514  34.48718477  37.32947507   1.00000007   4.56028783]
bb2.jpg:[217.46424946 207.54952864 202.00290065  67.5524741   57.38689836  51.34591125   1.00000002   1.61672744]
bb2.jpg:[ 86.04361598  94.6547271  100.20918616  62.74533756  57.70622132  55.47280587   0.99999995   5.99383562]
bb2.jpg:[237.12304208 213.48858275 197.7890168    7.22385932   6.429933   6.75520419   0.99999993   0.72159187]
bb2.jpg:[2.48506273e+02 2.31173264e+02 2.20179429e+02 4.30377868e+00 9.17464855e+00 1.29007900e+01 1.00000000e+00 1.10025025e-01]
bb2.jpg:[2.47046058e+02 2.27276351e+02 2.14389135e+02 7.80271986e+00 6.80951192e+00 7.60520388e+00 9.99999952e-01 1.62200963e-01]
bb2.jpg:[ 68.63893858  88.59168157 101.20751342  46.14309674  39.90924898  37.73355246   0.99999999   5.1913693 ]
bb2.jpg:[2.49666309e+02 2.43559313e+02 2.37108964e+02 4.22816486e+00 8.32947402e+00 1.02363607e+01 1.00000011e+00 1.49729121e-01]
bb2.jpg:[34.81233727 60.81554176 79.68856399 20.50803363 23.47861935 25.45881291  0.99999998  2.59331116]
bb3.jpg:[242.37773523 133.38443654  53.74630744  13.7034107   32.0805246  62.08991988   1.00000011   1.13958432]
bb3.jpg:[209.00805964 182.85286117 151.40031231  70.66726553  50.27418336  55.24110859   0.99999996   2.59153041]
bb3.jpg:[244.27308507 228.70178625 209.73054799  10.36043847  12.98238471  13.55829954   1.00000003   0.69666393]
bb3.jpg:[ 61.24823345 102.12274274 135.15218529  37.38419632  46.64111908  49.85391904   1.00000005   4.65266414]
bb3.jpg:[103.14431893 151.43115586 161.1266372   48.55297622  47.29824289  46.68105871   0.99999999   5.65444098]
bb4.jpg:[176.52250622 132.07215562  88.68287718   6.70290816   8.3556165  10.77632801   1.00000013   0.88813958]
bb4.jpg:[196.21832163 144.07021063  91.20762287   6.18029666   8.42024069  11.45085389   0.9999999    0.82273873]
bb4.jpg:[197.010947   159.84344049 120.17758471  10.26348203   9.53140075  12.30765839   0.99999999   1.34305767]
bb4.jpg:[158.88430384 150.29604157 141.1119517   48.44694456  38.02253763  33.18270298   1.00000003   4.23311502]
bb4.jpg:[140.53068447 143.79892222 143.13616987  60.76639976  57.03211846  55.67131488   1.00000004   5.59012103]
bb4.jpg:[ 94.63629777 118.14472016 139.70095997  42.28796514  44.99890592  47.40145458   1.00000009   5.42569081]
bb4.jpg:[66.92296605 74.57046765 79.85970532 37.98110126 39.93621595 42.92161916  0.99999995  4.50247203]
el1.jpg:[214.23627628 169.35705706 154.77771772  37.81334471  22.99702592  21.34890526   1.0000001    2.06736043]
el1.jpg:[65.00140017 91.1699804  96.88630636 23.67077343 21.70327519 23.80842658  1.00000008  2.99853085]
el1.jpg:[35.314358   36.29633144 36.32605946 27.39649331 28.30539236 30.43238289  1.00000002  3.0392673 ]
el1.jpg:[52.08518935 93.21829357 71.14229066 22.46264229 22.20239626 23.95289896  0.99999986  2.74779136]
el1.jpg:[36.96171516 73.74068402 53.19040327 23.3289808  24.67630774 27.50049093  0.99999997  2.36387104]
el2.jpg:[149.00233773 155.49147415 166.3270077   63.38810919  46.88796461  33.17028683   1.00000003   4.55015417]
el2.jpg:[ 90.57881356 110.4464891  127.18910412  67.51348506  54.16163075  41.34958537   0.99999998   4.80868524]
el2.jpg:[ 73.04225009 104.01022769 117.97296968  39.1762158   46.62449787  46.24055545   1.00000001   4.90556772]
el2.jpg:[55.44739118 75.68593255 95.06125685 32.34276397 35.332638   36.43288345  1.          3.35270067]
el2.jpg:[25.61931818 39.15340909 49.99404762 17.67209277 19.7972134  21.62648957  0.99999991  2.05881032]
el2.jpg:[117.79811083 172.65604534 184.57178841  21.07726392  19.12285503  21.30742967   1.00000001   2.91851863]
el2.jpg:[129.83825177 180.18192006 192.5416511   13.12035838  11.88741239  12.40829801   0.99999998   1.78639566]
el2.jpg:[110.19628448 168.90992682 175.638769    20.12749141  14.81470443  20.84811632   1.0000001    2.79961721]
el3.jpg:[230.06503431 199.16936993 192.3518403   23.97467564  22.6521819  20.77544681   0.99999998   2.08885541]
el3.jpg:[2.48497606e+02 2.28766620e+02 2.20114789e+02 3.04471279e+00 7.41238295e+00 8.07956427e+00 9.99999938e-01 5.30988633e-02]
el3.jpg:[238.283029   202.57894737 192.7387218    7.4757698    8.03192123   8.51259218   1.00000003   0.91781752]
el3.jpg:[212.03064699 171.97540673 165.96519107  28.61642764  23.71216764  21.32034814   1.00000009   3.0119742 ]
el3.jpg:[127.32545045 122.71693284 136.76310401  48.58144794  43.04653207  40.59936373   1.00000004   5.32302164]
el3.jpg:[ 96.37631822  92.30749306 103.27650324  68.52186774  62.32935698  57.32764825   0.99999989   5.56342645]
el3.jpg:[ 99.44152249  98.97134948 118.5832526   13.61171663  14.06752411  14.25557221   0.99999994   1.67589277]
el4.jpg:[ 70.17775539 108.05165072 120.90594807  31.92144586  34.51481009  41.23527552   1.00000006   3.7260386 ]
el4.jpg:[ 61.9399118  113.40711136 156.21389195  12.93181274  14.43521146  19.70738267   1.00000001   1.72389408]
el4.jpg:[51.50366271 77.24837945 83.89106719 27.46366194 30.23302942 37.05873544  0.99999997  2.73707697]
el4.jpg:[22.15843926 28.53148093 23.74430978 11.7160094  13.6844252  14.77666858  1.          1.32443722]
el4.jpg:[ 76.03572816 121.2392233  150.56893204  10.90575181  10.9535407  13.9352109    0.99999998   1.43049208]
el6.jpg:[230.86862462 234.68336174 237.10292382  46.10282367  41.33715956  36.72214354   1.00000009   1.38511573]
el6.jpg:[249.30443337 252.54144806 252.02557712  27.05951335  13.04532871  15.10274367   1.00000005   0.38955714]
el6.jpg:[114.44960659 127.73660547 139.41457475  20.86026834  21.32117888  22.99707389   1.00000004   2.78355556]
el6.jpg:[ 73.96856447 112.13076572 111.10907292  40.33026431  55.0654362  51.94113096   1.           4.84992391]
el6.jpg:[ 62.00608912 170.29421533 149.1555494   14.11255088  16.42165347  19.26660147   0.99999992   1.92946733]
obj.bmp:[54.59475655 66.16341292 54.34213483 28.17590812 35.40883551 34.2373946  1.00000005  3.54658038]
obj.bmp:[45.2285239  52.19536917 37.25158133 24.78410413 28.70579735 26.66205967  1.00000009  2.38357203]
obj.bmp:[31.81212056 32.89756536 24.81413394 14.11578503 16.38084338 14.53730713  0.99999996  1.90535545]
obj.bmp:[55.72273011 65.52778754 53.01949523 31.90957047 37.22877445 36.11139039  1.          3.61076465]
obj1.bmp:[117.72865154 113.32414816 108.80425458  20.86403546  23.87152903  27.3522613    0.99999999   2.45205403]
obj1.bmp:[133.95343039 133.62429198 129.11715197  22.64527195  26.88356181  32.08709162   1.00000004   2.55372372]
obj1.bmp:[110.20683691  98.92919757  97.42906564   5.0750842    5.24428607   6.19472922   1.00000009   0.73716409]
obj2.jpg:[175.4646917  134.73200138 102.6755081   30.59698883  32.78555621  36.46081579   0.99999992   3.55317344]
obj2.jpg:[117.58401328 129.28799613 107.87830176  72.19416699  39.86241854  40.28037868   1.00000002   5.93054078]
obj2.jpg:[ 37.80267514 134.93855119 109.45795259  23.43015268  28.776723  29.59976788   1.           2.85295535]
obj2.jpg:[ 43.72953973 148.3837379  120.8727948   23.29426608  26.7837301  27.39225177   1.           2.98375043]
obj2.jpg:[ 53.51425743 161.32792079 138.53247525  25.24947004  28.89658914  28.79767996   0.99999992   3.24888661]
obj2.jpg:[ 25.81350294 104.89315068  83.22759295  22.05307274  31.29529097  31.67696018   0.99999996   2.30307532]
obj2.jpg:[ 27.02862524 116.1398619   96.25637163  22.25803557  32.84570292  34.08534484   1.           2.38752988]
obj3.png:[109.34101429 113.15576741  98.45092197  19.23046513  19.76146266  22.73504185   1.00000003   1.985082  ]
obj3.png:[108.54040997 116.6822417   97.3683254    8.51634155   8.35292994  10.78863188   1.00000008   0.86882416]
obj3.png:[120.33672636 126.10590328 121.48215015  11.24504401   8.6838515   8.85262845   0.99999989   1.03490942]
obj3.png:[108.04027778 109.59697712  94.80069444  10.08858494  11.39674048  12.07454141   0.99999999   1.1582568 ]
obj3.png:[129.55252067 134.3616431  132.55518805   4.18817116   4.69575887   4.97179647   0.99999998   0.67156217]
obj3.png:[135.99724505 143.01138712 142.65843243   3.57541484   3.81919036   4.78014781   0.99999992   0.15268722]
obj3.png:[99.48663551 99.65752336 82.82691589  4.737927    5.11564847  5.4913564  0.99999992  0.61562396]
obj4.jpg:[190.38729857 191.32281966 190.02787675  67.64046122  70.01503609  74.8246887    0.99999998   4.79543652]
obj4.jpg:[148.56842647 145.59238235 142.72825     64.1624537   61.01730657  59.45291579   0.99999999   7.36858994]
obj4.jpg:[123.44265363 127.99710823 134.39353604  15.93367795  15.84695811  15.68112262   1.00000002   1.94846133]
obj4.jpg:[89.00699643 93.31277036 96.90351702 30.62724297 31.18434714 32.10932374  0.99999992  3.25518446]
obj4.jpg:[68.59122115 66.70217478 66.55968463 61.13862922 59.34570438 58.32957766  0.99999998  5.4044421 ]
obj4.jpg:[23.85258037 24.61823181 25.08079526 21.03306415 20.63154684 21.15777057  1.00000005  1.92063872]
obj4.jpg:[111.88357774 118.19889816 125.08020741   6.86352477   6.92982092   7.07394649   0.99999997   0.87231327]
obj5.bmp:[14.46415831  7.89114999  1.87485986 18.54680922 15.03593255  9.32216827  0.9999999   1.48550643]
obj5.bmp:[44.02528905 41.96089381 31.660246   42.05106991 43.80029959 45.55617414  1.00000004  3.86620518]
obj5.bmp:[11.01485987  4.02885579  0.18654318 13.85976747  8.2311504   1.62614027  1.00000003  1.10937153]
obj5.bmp:[13.67602182  5.40401086  0.2387804  15.1157401   9.40586048  1.75639367  0.99999994  1.30590445]
obj5.bmp:[11.22972636  4.30162488  0.14895579 14.21273912  8.4794941   1.34505331  0.9999999   1.13342555]
obj5.bmp:[12.72536148  5.09486455  0.21479142 15.45522335  9.39185758  1.65894634  1.00000007  1.27594745]
