bb1.jpg:[179.57998794 111.73682942  24.75406872  34.09624833  18.27695479  42.47244868   1.           2.43567823]
bb1.jpg:[156.85666064 145.66968053 122.76745027  52.79027     35.18930965  74.99501162   1.00000007   5.10869103]
bb1.jpg:[188.86428571 107.58928571   9.19154762   8.11335822  12.76863268  20.9372441    1.00000002   0.83616781]
bb1.jpg:[204.79904762 130.74047619  24.62309524   7.44547476   5.71472865  24.58314541   0.99999993   0.71919902]
bb1.jpg:[134.28120194 141.12563587 140.92688986  52.98725495  42.40667525  65.47967213   0.99999995   5.39288094]
bb1.jpg:[155.72324766 132.85035047  97.9567757   58.64952671  29.11643019  48.94723939   1.00000008   3.74973201]
bb2.jpg:[234.32411544 219.33993479 210.26663446  49.1443193   40.88685689  35.86998903   0.99999993   0.81925302]
bb2.jpg:[80.92404299 91.51938172 98.02282333 63.73847213 55.71429779 52.19486248  0.99999992  5.28496013]
bb2.jpg:[226.96927803 207.93205719 195.25723739  47.52009347  37.02852807  31.26120264   1.00000009   1.57928405]
bb2.jpg:[212.85750119 205.16531295 200.53953655  77.03298866  62.14267296  53.09180349   0.99999996   1.34839725]
bb2.jpg:[60.98064978 79.77723364 93.28822265 47.67200214 39.79080441 36.02309128  0.99999995  4.8100301 ]
bb2.jpg:[210.64282375 208.76028518 205.93501636  78.70620807  68.25054165  60.88223892   0.99999993   1.58184146]
bb3.jpg:[232.56261321 191.73602222 155.24731313  36.58615211  39.81949816  64.54576827   0.99999989   1.84371317]
bb3.jpg:[159.95326651 152.92706195 139.28064243  90.82877202  59.50960276  54.27651943   1.00000011   4.20748779]
bb3.jpg:[236.39190158 146.45879121  78.120043    40.78432133  46.91584091  80.3654609    0.9999999    1.28725606]
bb3.jpg:[200.3418538  188.54646441 167.18932155  78.49779563  54.1459435  41.8242788    1.00000004   2.50240301]
bb3.jpg:[ 89.77962897 133.91173343 153.69750679  43.06187894  46.64495671  41.50198715   1.00000002   5.04426071]
bb3.jpg:[ 92.31346424 140.12330528 151.82678822  56.68690542  58.96625935  57.72720352   0.99999993   6.55826781]
bb4.jpg:[179.52060241 146.42831325 111.9         15.5967848   18.10379826  25.82008884   0.99999996   1.55310523]
bb4.jpg:[175.42963855 155.21662651 135.84626506  38.98081998  30.58911631  36.01393946   0.99999991   3.09862844]
bb4.jpg:[197.07129412 165.24564706 134.17176471  10.56637728  16.29238396  34.7295318    1.00000003   1.45644219]
bb4.jpg:[ 95.20720506 112.56841226 128.52081594  43.79029316  45.03318394  47.92380344   1.00000001   5.51409054]
bb4.jpg:[ 98.59155434 102.95944173 104.70332816  60.49869444  56.13262678  54.32074037   0.99999996   6.38826196]
bb4.jpg:[119.04682586 127.22352941 128.21840419  60.56099336  61.06995525  61.15665125   0.99999996   6.42695913]
el1.jpg:[156.37572534 138.44559961 121.20780948  85.97732051  46.33600989  48.16343139   0.99999996   3.44485453]
el1.jpg:[145.09066731 126.79037718 122.56153288  84.03910161  58.63651073  52.38039323   1.00000004   5.10242888]
el1.jpg:[179.85653409 152.52391098 139.74064867  74.71561465  35.78925976  30.91860029   1.00000007   2.86716699]
el1.jpg:[52.84699976 96.35763806 72.77348793 20.91109146 20.22101745 21.35511299  1.00000001  2.82612516]
el1.jpg:[44.37473105 71.86170213 57.44513507 33.89229368 38.89296595 38.29181384  1.00000002  3.41039923]
el1.jpg:[35.91432584 75.78288858 53.03710206 15.25717922 19.73710128 21.00633387  0.99999998  2.07816816]
el2.jpg:[108.83673469 130.21639899 137.99178843  74.90109992  59.80341564  49.20382092   0.99999992   5.50728002]
el2.jpg:[ 90.99190919 106.87525661 125.33317232  50.89269804  45.89708557  45.06468104   0.99999999   5.26150263]
el2.jpg:[ 97.44298712 121.33817795 136.53692544  66.15961157  56.06278883  44.21595812   0.99999997   5.35175866]
el2.jpg:[107.99546106 160.10582895 168.91758242  31.20007685  38.36513636  39.49038591   0.99999991   3.70366314]
el2.jpg:[56.96810798 77.2458194  93.35797898 44.44773189 51.48098154 54.33858713  0.99999997  4.85082471]
el2.jpg:[107.59922861 156.97592333 170.45032726  34.73582052  43.16671185  41.830766     1.00000007   4.17094166]
el3.jpg:[227.92090327 204.21072334 197.81946625  53.37675103  46.84377746  40.3231529    1.00000013   1.270528  ]
el3.jpg:[118.10626736 114.91993721 123.50368313  79.8369508   74.90658669  66.42857428   0.99999997   4.40506093]
el3.jpg:[218.37398086 184.22793336 176.64409784  56.83698645  49.51674215  44.99401935   0.99999997   2.14973067]
el3.jpg:[145.89154324 133.10809842 142.93597707  60.47876308  48.71311334  40.25656147   0.99999993   5.04052808]
el3.jpg:[133.31772575 129.46906355 141.769828    66.7998369   57.81248519  52.1018787    1.00000005   6.52744525]
el3.jpg:[140.32117812 125.78962132 135.68700327  53.10145736  40.84439125  32.55261465   1.00000001   5.28137963]
el4.jpg:[ 67.27404762 110.36059524 123.37833333  24.53954812  37.56085658  43.1773332    1.00000002   3.29538134]
el4.jpg:[ 53.67845238  93.76559524 120.4522619   16.86273893  26.92924914  42.31023862   0.99999994   2.26035132]
el4.jpg:[49.85666667 82.13107143 87.19761905 13.24594919 20.92990766 31.45673891  1.00000006  1.80342319]
el4.jpg:[ 77.28369048 103.51488095 115.77285714  45.65385417  46.60164536  53.31181256   0.99999989   5.34401743]
el4.jpg:[53.0727381  73.0897619  80.66166667 40.70929249 48.02684557 57.3998864  1.00000007  4.27597864]
el4.jpg:[56.61607143 90.19547619 99.57107143 15.78291282 24.98906672 38.9715213  0.99999989  2.18652045]
el6.jpg:[187.01924456 194.76416448 200.30576142  73.93552985  66.52710223  61.67307739   1.00000009   2.84704935]
el6.jpg:[115.89254124 127.26571838 133.66567057  66.259022    63.0501418  62.5070418    0.99999992   5.24035001]
el6.jpg:[224.88405451 227.06837198 228.67714559  61.74323488  57.69767432  54.51891939   0.99999999   1.1719705 ]
el6.jpg:[ 72.70165485 127.18652482 120.01371158  47.11904718  62.96447614  57.32359765   1.00000001   5.00550807]
el6.jpg:[ 73.79704492 120.71359338 116.43439716  42.61659369  58.62264531  54.16458871   1.00000001   4.83991809]
el6.jpg:[ 92.80981087 149.85744681 144.79361702  64.59113358  60.43067857  59.64338035   0.99999998   5.10853387]
obj.bmp:[50.11946903 59.2596792  48.05825959 26.93237456 32.82764204 31.52199796  1.00000003  3.36210979]
obj.bmp:[35.8254056  39.55825959 30.40763274 13.4956678  15.37427955 14.11321508  0.99999999  1.85545988]
obj.bmp:[72.41288717 94.30761431 80.01198378 22.4647866  25.11898399 27.83669992  0.99999996  2.83515856]
obj.bmp:[43.86347714 50.84955752 38.48064159 22.62836378 28.75378723 25.45350817  1.00000004  2.80470744]
obj.bmp:[54.95012906 63.56784661 51.85536504 29.80944586 36.11040417 35.31645296  1.00000004  3.57580086]
obj.bmp:[35.75018437 39.30669248 29.85389012 15.86227075 21.71187839 17.82731566  0.99999993  2.07604181]
obj.bmp:[41.7004056  49.2473267  39.11439897 20.78818926 28.45029664 24.29499109  1.00000002  2.72969628]
obj.bmp:[31.59716077 33.21561578 25.58121313 14.61661476 17.42506786 15.39004454  0.99999995  1.98010534]
obj.bmp:[36.24963127 39.78650442 31.89823009 18.08439022 24.4149945  20.76272322  1.00000003  2.35434869]
obj.bmp:[32.52968289 34.58360988 25.68196903 13.97229943 15.55553783 13.81804294  0.99999987  1.90945999]
obj.bmp:[44.09983407 50.45658186 40.12057522 22.15704057 30.44252581 25.30681254  0.99999995  2.83212938]
obj.bmp:[54.80411136 61.59144543 49.67487094 31.1231596  35.14190744 33.10926015  0.99999996  3.825751  ]
obj.bmp:[35.6875     37.97741519 30.78908555 16.19182526 20.92535606 17.9537247  1.00000003  2.16132867]
obj.bmp:[41.72151549 45.73691003 36.66132006 22.01642274 27.54055594 24.80105519  1.00000002  2.74461005]
obj.bmp:[45.01954277 50.33628319 35.88560103 25.44078572 27.1696015  27.47272218  1.          2.27876071]
obj.bmp:[41.38311209 43.60490413 30.4833149  25.43452354 28.13738193 26.95978681  0.99999996  2.19637829]
obj.bmp:[40.67505531 44.78521386 32.09485619 25.87060704 28.69062027 27.80790584  1.00000008  2.33043072]
obj.bmp:[51.21303466 63.74004425 44.71727507 26.92392846 32.52161881 28.78900119  1.00000002  2.66404307]
obj.bmp:[36.66187316 41.08526917 26.98755531 25.60396873 28.35434453 26.52804236  1.00000002  2.17472379]
obj.bmp:[45.33637537 52.37582965 36.72557153 26.42272777 29.9463365  28.90752667  1.00000009  2.48609794]
obj.bmp:[53.32374631 62.77083333 46.92016962 27.8367737  32.9042819  32.30438759  0.99999995  2.73538618]
obj.bmp:[100.70054528 119.16394029 106.18557254  38.61979528  33.72361668  38.14349176   1.00000001   4.24133495]
obj.bmp:[56.90444266 69.8879056  58.77000089 21.92455768 28.38615497 27.82046865  1.00000009  2.95254754]
obj.bmp:[56.57674086 68.32117637 55.76678287 25.77584    30.91545204 29.35706964  0.99999996  2.54452899]
obj1.bmp:[116.79623074 114.65285298  99.05987089  21.50291337  22.66882751  27.12065721   0.99999997   2.57128583]
obj1.bmp:[117.78529779 113.85099958 106.00229071  17.67912811  19.64240334  24.58347718   0.99999995   2.05600413]
obj1.bmp:[125.08444398 119.53290296 110.86318201  31.35654435  33.58117625  37.99728752   0.99999986   3.3405214 ]
obj1.bmp:[108.70314452 104.42367763  96.96761766   6.47946059   7.08635859   9.71970206   0.99999987   0.86554207]
obj1.bmp:[106.21043315 106.63213244  95.27842566  11.29369996  14.21746571  14.81073674   1.00000004   1.26366951]
obj1.bmp:[127.11599334 122.01551437 118.31143274  32.69217807  37.22454111  40.24767075   0.9999999    4.14718804]
obj1.bmp:[123.83756768 120.88588088 109.92211579  26.22364131  27.33276157  32.37639447   1.00000001   3.26252503]
obj1.bmp:[117.05799667 112.51291129 100.44939608  22.10077515  23.33592353  26.70203724   1.00000002   2.6921371 ]
obj1.bmp:[113.85412328 107.96970012 104.12151187  15.44604961  19.0984979  25.574615     1.00000001   1.67445   ]
obj1.bmp:[108.6744065  101.11370262  99.18502707   5.05310068   5.7841739   6.64336817   1.           0.67521368]
obj1.bmp:[110.3922324  107.27634319 103.82309454  12.28823734  14.23744244  16.01662648   1.00000005   1.21408477]
obj1.bmp:[137.98917118 138.69439817 139.42076218  24.43173575  27.06456035  30.08739301   1.00000003   3.30241787]
obj1.bmp:[123.05029155 118.99135777 112.45262391  22.29606246  25.62063502  29.05866161   0.9999999    2.48663915]
obj1.bmp:[115.0590379  108.37921699 103.24812578  16.66846503  19.29185976  22.79463418   0.99999993   1.81610976]
obj1.bmp:[109.64920866 102.29883382 100.44210746   4.70585411   4.99773321   5.96554745   1.00000011   0.69829517]
obj1.bmp:[109.17399    101.5724698   99.58538109   4.45943191   4.92710885   5.67887156   1.00000003   0.66830779]
obj1.bmp:[113.69981258 109.23760933 108.19564765  12.88759578  15.18214338  18.59147656   1.00000001   1.52003916]
obj1.bmp:[135.72667638 137.16774261 128.63796335   7.88711171   8.25147979  12.25972826   0.99999994   1.00034054]
obj1.bmp:[124.13577676 119.51228655 116.25249896  14.27515261  20.93212974  20.58277518   1.00000009   1.86916707]
obj1.bmp:[111.55862141 100.75145773  97.89171179   9.05840871   9.72249123  10.23680152   0.99999994   1.1163063 ]
obj1.bmp:[109.09131612  99.37484382  96.65274885   8.50694228   9.05346792   9.74492957   1.00000013   0.75211068]
obj1.bmp:[107.54196168 101.19044148 100.24604332   4.78840151   5.1864114   6.39680847   0.99999987   0.57383337]
obj1.bmp:[119.44950021 116.25291545 120.17159517  15.67331828  18.57692974  25.54643796   1.00000004   1.87361646]
obj1.bmp:[137.91201583 138.72438567 133.06601416  10.64656271  11.31142332  14.56651916   0.99999987   1.20818709]
obj1.bmp:[133.76923077 131.0697606  127.03188776  29.34637451  32.47496832  33.79483567   1.00000004   3.76603485]
obj1.bmp:[115.66248038 108.59085557 102.59350471  31.86721699  37.69106202  43.75846957   0.99999996   3.53793579]
obj1.bmp:[114.90894819 109.01510989 100.72242936  19.96415917  24.74262666  27.31910274   0.99999994   2.50253025]
obj1.bmp:[138.68416405 138.67552983 137.27953297  17.81168479  21.30719281  25.2469254    1.00000009   1.91468975]
obj1.bmp:[122.81538942 119.37244898 114.95710121  13.34299732  19.22112809  17.93362143   0.99999996   1.70619938]
obj1.bmp:[109.72157434  98.44616826  98.0089546    5.04945853   5.27815598   6.14615504   0.99999999   0.69113181]
obj1.bmp:[110.08600583 100.31424406  99.35089546  11.67550717  12.4808375  13.14611081   0.99999998   0.99796693]
obj1.bmp:[108.48250729 102.71886714 102.72199084   8.93206381   9.42703043   9.92660338   1.           0.79906909]
obj1.bmp:[127.40660142 125.23406914 134.21407747  19.62218956  22.84543663  30.77435285   1.00000006   2.19016738]
obj1.bmp:[147.32153269 149.75166597 148.16961683   9.97750023  10.40073126  13.48861759   0.99999999   1.29354329]
obj1.bmp:[118.09791994 112.9380887  106.64835165  33.27730385  40.59747308  48.82632464   1.00000003   3.6697294 ]
obj2.jpg:[ 96.70657109 128.14862605 106.80967742  67.40933584  42.13746224  39.75297351   1.00000009   6.15442697]
obj2.jpg:[105.79880526 139.21230585 115.03632019  67.9322482   32.95627191  32.59248574   1.00000003   5.79691274]
obj2.jpg:[106.45461988 142.88233918 115.81356725  73.43187151  33.15781092  38.75038551   1.           5.65839323]
obj2.jpg:[ 33.40621266 128.6911589  107.45531661  23.84561775  35.25534547  35.46472457   1.00000008   2.75347712]
obj2.jpg:[ 34.74623656 132.20238949 109.42724014  24.71695205  35.43863923  35.14019403   0.99999994   2.86240916]
obj2.jpg:[ 31.2097076  120.59719298  96.5122807   24.02010609  35.625956  35.11033604   0.99999995   2.66938784]
obj3.png:[116.7056781  121.29483252 103.64828431  24.90935316  23.38909177  27.95159267   1.00000001   2.47919193]
obj3.png:[113.68688725 117.3754085   99.7786969   19.0352968   18.38968611  20.12015946   1.00000001   2.01881857]
obj3.png:[110.29544526 110.55136846  96.3150531    7.63881795   7.87644686   9.73719759   1.00000005   0.95880013]
obj3.png:[104.40951797 110.78339461  95.18004493  12.65910117  15.80011214  18.0643525    0.99999999   1.50161185]
obj3.png:[ 99.85365605 106.07301879  84.89838644  15.69285361  17.70050517  15.1546221    1.00000015   1.21490342]
obj3.png:[ 99.29503676 103.95404412  88.20128676  24.79724282  26.53952018  24.27330736   1.00000004   1.50660847]
obj3.png:[116.10957925 117.15308415 110.23069853  21.25080598  20.24462207  24.41740248   1.00000006   2.28038751]
obj3.png:[112.57107843 117.45506536 101.80034722  11.17086606  12.27939413  14.43399262   1.00000011   1.48711041]
obj3.png:[111.83323121 114.85723039  98.55065359  11.05601947  11.42659333  13.04847703   1.00000004   1.21819858]
obj3.png:[111.53788807 117.73457925 105.35998775  15.87639251  17.73024645  20.65156005   1.00000005   2.03169136]
obj3.png:[115.68852124 122.49336193 108.20710784  11.54522751  10.80630853  17.22858499   0.9999999    1.38443444]
obj3.png:[110.82608252 118.44444444 100.28574346  11.25780783  11.29603769  14.2980374    1.00000006   1.19417569]
obj3.png:[111.64389297 114.2838031  103.29585376  10.27538133  10.33807761  20.49994498   1.00000003   1.25998211]
obj3.png:[110.39287173 113.59946895  96.86713644   8.41657944   8.98013829  11.0871296    1.00000007   0.99762808]
obj3.png:[113.43259804 116.38919526 102.62632761   9.48927367  10.06346171  11.65795251   0.99999995   1.18057164]
obj3.png:[116.40236928 121.81066176 115.55228758  19.50334798  20.73612362  29.4303439    1.00000002   2.08924206]
obj3.png:[125.64307598 130.14082925 127.26276552   5.10313916   6.11552051   7.85665401   1.00000009   0.68507881]
obj3.png:[131.76429739 137.64430147 133.39195261   8.5325573    8.38812929  12.72899592   1.00000014   0.81016356]
obj3.png:[103.20128676 105.25765931  86.12071078   7.93751295   9.17290856  10.05024814   0.99999991   0.98749608]
obj3.png:[109.84885621 111.47038399  96.43229167   7.04977856   7.45145928   8.19315376   0.99999997   0.86027935]
obj3.png:[109.83098448 111.18351716  97.76378676   8.15886782   8.9534541  10.12716651   0.99999998   0.89713606]
obj3.png:[116.92677696 122.97569444 117.7871732   18.29854793  18.55293559  20.29646607   1.00000006   2.0773767 ]
obj3.png:[130.32169118 135.52849265 133.53298611   4.80745133   5.93632858   7.57788633   1.           0.62183055]
obj3.png:[134.13082108 140.03890931 138.50112337   4.13279638   4.8572996   5.98493468   1.00000006   0.27038341]
obj3.png:[ 99.85493827 105.21884645  90.57474923  25.05020389  26.99502061  24.62989562   1.           1.6128874 ]
obj3.png:[106.58487654 115.51822917  94.96595293   5.61028003   5.35551805   6.68669576   0.99999995   0.51254797]
obj3.png:[122.11197917 129.4140625  118.32484568  14.39375786  13.70448918  21.05813419   0.9999999    1.39198062]
obj3.png:[133.64014275 140.19656636 140.1867284    4.29901354   5.6365057   6.55397001   1.00000002   0.36989895]
obj3.png:[100.12009804  99.51194853  84.9066585    4.89504598   5.26880194   5.34953389   0.99999998   0.60466104]
obj3.png:[101.62469363 103.27573529  83.70128676   5.41570268   5.80176608   6.92902322   1.00000003   0.62307952]
obj3.png:[103.7745098  105.61315359  89.3217933   10.49658615  12.33543895  12.59492158   0.99999992   1.02030693]
obj3.png:[117.95915033 123.88265931 120.44924428  13.65106138  11.86878568  12.44463546   0.9999999    1.06676584]
obj3.png:[127.46190768 131.69117647 130.20414624   3.60619972   3.94731591   4.39335449   0.99999994   0.72166064]
obj3.png:[128.70618873 132.92116013 131.05810866   4.2385672    4.81066285   5.07434451   0.99999999   0.71053669]
obj3.png:[128.4298804  133.20929784 133.12625386   3.7796031    4.40770211   4.92714802   0.99999993   0.69290634]
obj4.jpg:[128.7899169  126.45218837 120.40808864  79.52793107  82.63844264  90.08146514   1.00000004   5.70772373]
obj4.jpg:[196.06603878 195.63357341 192.84354571  64.92410625  67.59086567  73.49033825   0.99999991   3.85573455]
obj4.jpg:[203.27202216 204.52542936 203.59545706  60.85711997  62.90501692  67.0185322    1.00000004   3.10369224]
obj4.jpg:[186.57096953 189.2265928  189.70603878  63.86546697  64.69345197  66.46491097   1.00000007   5.07604327]
obj4.jpg:[168.94880886 169.23711911 167.99213296  69.05003072  67.87103672  67.91180238   1.00000003   6.36800829]
obj4.jpg:[186.47822715 192.57628809 190.45684211  61.40893668  56.54091914  59.05671197   0.99999996   5.53183162]
obj4.jpg:[156.74958449 158.52166205 157.25274238  77.68779771  79.21142088  80.8503645    1.00000003   6.92689914]
obj4.jpg:[156.17185596 151.17894737 148.68265928  51.32638752  52.42933986  53.5837255    1.00000003   5.95751798]
obj4.jpg:[168.49252078 163.08952909 159.006759    50.54413254  48.49834753  47.4722308    1.00000004   5.91592657]
obj4.jpg:[185.91966759 174.61894737 167.88232687  56.7080571   52.6964995  50.39162203   1.00000005   4.90526206]
obj4.jpg:[116.72299169 123.69252078 125.70315789  52.46299049  48.70223137  46.46010502   1.00000002   5.06659941]
obj4.jpg:[69.82581717 71.40975069 71.95146814 66.22580878 65.95302344 65.4297388  0.99999994  5.55579193]
obj4.jpg:[70.47545706 67.48642659 66.10138504 81.2002298  79.38112462 77.87867276  0.99999991  4.61904938]
obj4.jpg:[129.19811634 122.0601662  118.61307479  89.43634748  86.31105143  84.18220633   0.99999996   6.4654939 ]
obj4.jpg:[85.05362881 81.10903047 80.18847645 54.65703498 52.83697681 51.82104344  0.99999998  5.58877766]
obj4.jpg:[113.10426593 116.00831025 118.17196676  57.07001181  58.09521307  60.61293309   1.00000006   6.53664657]
obj4.jpg:[120.6131856  119.04243767 119.55379501  54.92981231  54.8418272  54.67351411   0.99999991   6.32543603]
obj4.jpg:[117.67634349 121.53761773 127.48786704  29.32710091  30.09110723  31.12946235   0.99999998   2.69498864]
obj4.jpg:[101.44764543 107.0267036  113.40620499   7.34378975   7.56540138   7.69352609   0.99999999   0.93942353]
obj4.jpg:[ 94.80919668 100.77916898 107.20299169  27.21041319  27.53706922  28.56468602   0.99999996   2.88620664]
obj4.jpg:[66.79689751 71.16897507 75.11246537 45.07390387 46.715912   49.2957032  0.99999997  4.31034936]
obj4.jpg:[75.89285319 77.21939058 79.62548476 55.01846921 53.23537408 53.15871614  0.99999995  5.34785409]
obj4.jpg:[ 94.39246537  98.00498615 102.31468144  40.82301492  42.71619773  45.02333074   0.99999997   3.29159637]
obj4.jpg:[113.89074792 118.11556787 124.81916898   9.49218239   9.89416831  10.03743069   0.99999991   1.28300178]
obj5.bmp:[13.83157407  6.4337037   1.11675926 17.11379299 11.94038639  5.10520583  1.          1.41296743]
obj5.bmp:[13.21333333  5.92481481  1.11175926 16.83103527 11.84721779  6.30932662  1.00000015  1.3633525 ]
obj5.bmp:[16.2687963   9.79722222  3.27712963 21.81538423 19.10401334 13.59851419  0.99999995  1.63671015]
obj5.bmp:[31.18657407 27.39833333 19.45148148 37.60492365 39.67988852 39.83121633  1.00000002  2.89332572]
obj5.bmp:[33.64638889 29.99592593 21.66481481 38.93619967 40.80072601 40.85064784  0.99999991  3.08367095]
obj5.bmp:[47.30601852 43.44351852 31.61546296 43.10017145 43.63528723 43.76792122  0.99999992  4.10900507]
obj5.bmp:[37.68574074 32.83796296 26.96462963 37.50150294 37.50394848 36.3290753  0.99999997  3.43629319]
obj5.bmp:[11.67833333  4.34546296  0.22518519 14.54193976  8.67401439  1.74558569  1.          1.17851   ]
obj5.bmp:[13.32907407  5.71055556  0.34333333 15.69191957  9.93269571  2.11622743  1.00000005  1.31742109]
obj5.bmp:[19.58583333 14.5875      9.11166667 26.10936477 27.18422969 26.18579861  0.99999996  1.97042042]
obj5.bmp:[38.91101852 37.88694444 28.21074074 42.63297225 45.20379466 46.5722958  0.99999994  3.36191912]
obj5.bmp:[56.42657407 57.18037037 51.56861111 49.45316132 53.79514008 57.33093758  1.00000005  4.47676263]
obj5.bmp:[34.39490741 33.30675926 18.06027778 37.40482084 39.08808513 40.02360387  0.99999999  2.91049132]
obj5.bmp:[35.24842593 32.4025     20.44296296 34.05240307 34.5421017  34.52936065  1.00000006  3.23665635]
obj5.bmp:[12.00583333  4.59037037  0.17824074 13.82716272  8.61532763  1.55420238  1.00000005  1.15595431]
obj5.bmp:[13.37435185  5.12361111  0.20842593 14.82592042  9.03034995  1.59431377  0.99999995  1.26778056]
obj5.bmp:[11.97731481  5.44111111  0.35990741 14.32917072  9.78380439  2.44214614  1.00000002  1.18058305]
obj5.bmp:[46.23009259 45.06546296 40.07907407 49.27276426 52.82085089 54.96187439  1.00000003  3.72923811]
obj5.bmp:[34.57916667 32.08953704 25.99601852 42.55157471 45.07958027 45.052386  0.99999989  3.0532623 ]
obj5.bmp:[14.0262963   6.56574074  1.58611111 18.47606693 15.08015413 11.12654449  1.00000003  1.40794278]
obj5.bmp:[21.93925926 15.72796296  7.14425926 26.80497147 25.36009689 19.94416568  1.00000004  2.18933578]
obj5.bmp:[32.33064815 27.26240741 14.80666667 31.6349055  30.13831746 28.38548194  0.99999999  3.04472739]
obj5.bmp:[38.10231481 33.11277778 26.18287037 37.70714141 37.42474998 37.05972136  0.99999996  3.46755602]
obj5.bmp:[32.03435185 28.7487037  13.86166667 34.12466016 34.56342262 31.29423881  0.99999997  2.95698335]
obj5.bmp:[12.05891892  4.49018018  0.11495495 13.91280914  8.47280722  1.13595289  0.99999989  1.16235945]
obj5.bmp:[12.15891892  4.15396396  0.13009009 14.26029474  8.13290434  1.2643465  0.99999995  1.18710385]
obj5.bmp:[11.49603604  4.32027027  0.1090991  14.0174371   8.30878423  1.09292899  0.99999998  1.13940772]
obj5.bmp:[16.62423423 10.01747748  4.67936937 24.13492046 22.7286433  20.40759414  0.99999996  1.66409709]
obj5.bmp:[13.64891892  6.51972973  1.39171171 18.18142512 13.84975584  9.45720011  0.99999996  1.41669732]
obj5.bmp:[12.35324324  5.08441441  0.28378378 15.99948179  9.682751    2.02342322  1.0000001   1.27046848]
obj5.bmp:[12.84774775  5.05243243  0.16738739 15.37758019  9.26704655  1.4459946  0.9999999   1.27999882]
obj5.bmp:[12.75855856  5.11117117  0.1654955  15.10620938  9.28923049  1.38976259  1.00000009  1.25912835]
