bear1.jpg:[104.05070102 113.34685162 119.83669061  74.8743109   74.85459707  73.04529515   0.99999994   7.29997024]
bear10.jpg:[ 86.75896531 103.49931124 120.59337968  46.70829707  49.89983345  53.00477304   1.00000002   5.38443786]
bear11.jpg:[145.07084045 157.74016724 147.70847931  64.55951205  53.03293638  49.04859868   1.00000008   5.77002884]
bear12.jpg:[75.04826827 89.92640588 84.14300827 74.36988846 58.83259024 54.97806455  1.00000004  5.44167352]
bear13.jpg:[ 88.2576     118.40741667 142.54418333  48.6120545   56.90568684  63.16940674   0.99999996   6.07757942]
bear14.jpg:[57.36979895 82.01194639 98.89233683 40.14202964 48.38059178 52.8584906  1.00000002  4.72603345]
bear15.jpg:[111.14430313 106.0918474  113.91987083  64.9071382   60.87883091  60.7503669    1.00000003   6.81094993]
bear16.jpg:[ 61.34471154 118.80067381 123.06631702  27.27116121  40.36420046  38.4416375    0.99999996   3.3472526 ]
bear17.jpg:[105.26853878 144.66938776 137.44902041  45.84222533  48.14197424  43.3508301    0.99999998   5.85401204]
bear18.jpg:[101.12274836 118.1722772  133.58569975  65.12869185  65.79751272  64.50409911   1.00000001   7.36607865]
bear19.jpg:[125.15613345 138.20226399 134.38608392  65.26398091  54.65159618  65.10305642   0.99999992   7.26148494]
bear2.jpg:[70.45043805 96.19446811 98.44698608 58.60611544 61.2527795  58.38543311  0.99999996  5.39327983]
bear20.jpg:[ 82.26752381 116.93847619 133.68697143  53.88918959  53.57765228  51.54207078   1.00000001   5.90791454]
bear21.jpg:[73.84497621 89.34384071 96.18962057 52.64012675 52.9634151  57.69770118  1.00000004  5.87570926]
bear22.jpg:[ 82.50868167 116.01184349 150.94938882  58.86453486  68.67217646  76.95906775   1.00000003   6.27980021]
bear23.jpg:[135.72894905 138.14159946 134.94030338  93.48403602  85.38420963  71.29058519   0.9999999    5.65961998]
bear24.jpg:[89.05168651 96.6214917  98.4393759  65.70501926 66.82789091 65.14671507  1.00000009  6.64260772]
bear25.jpg:[ 78.32485851 123.0798125  120.88634679  48.68991242  51.98960875  57.10704163   0.99999999   4.83703867]
bear26.jpg:[146.87569787 124.44886952  86.42647046  67.59828319  49.52153908  54.97452077   0.99999998   6.29629493]
bear27.jpg:[137.5147247  159.3686515  170.58384438  74.82084     65.86150022  60.49786008   0.9999999    4.80460236]
bear28.jpg:[117.41416493 115.96963739 122.98712135  49.38851067  48.34587756  47.75418442   0.99999988   5.40728938]
bear29.jpg:[101.51108387 125.89298156 126.59066159  45.2908018   55.05091387  53.72836644   0.99999998   5.64847686]
bear3.jpg:[ 69.67218207  89.7549197  100.69053711  62.63741148  66.51992315  68.77388567   1.00000003   5.82582663]
bear30.jpg:[69.40932814 79.06512399 93.44576701 61.23491349 63.08983684 67.4218943  0.99999986  5.72222842]
bear31.jpg:[124.04709447 156.72228164 157.95163993  86.34286827  67.00767205  61.44162974   1.00000009   5.71440236]
bear32.jpg:[ 96.8681782  118.4685306  121.9040617   77.40169764  58.52924686  55.14648805   1.           4.97577195]
bear33.jpg:[ 56.37825176 134.03937596 138.65975069  37.91590526  65.72754661  67.89052975   0.99999993   4.56738633]
bear34.jpg:[ 98.51945502 105.30775952 120.37523212  79.43785573  77.86686979  73.3301276    1.           6.91705975]
bear35.jpg:[103.81324036 113.52556474 109.65027204  58.47384378  65.22594403  62.40739714   1.00000006   6.94026402]
bear36.jpg:[157.65582976 152.87454714 153.18402987  77.4710369   73.5325944  68.31641149   1.00000001   6.5816619 ]
bear37.jpg:[ 77.83340175  97.13153424 121.3067974   72.68983369  74.68166258  76.95475921   1.00000003   5.90316131]
bear38.jpg:[70.09802083 91.52577582 88.17209418 61.10433117 59.71083709 60.63137867  0.99999998  5.04048052]
bear39.jpg:[58.00831855 73.95455845 99.3373152  60.69523638 58.73272762 56.79295031  0.99999991  3.97909722]
bear4.jpg:[68.58303606 87.1747271  91.77706628 65.63958332 68.98561668 76.04705644  1.          5.51170622]
bear40.jpg:[139.00751238 166.02067791 199.14900707  89.59625241  71.58531929  53.20893017   0.99999998   3.22088367]
bear41.jpg:[ 84.89221424 103.62764362 121.97457251  34.76829938  39.04076813  41.01608152   1.00000004   4.57844372]
bear42.jpeg:[ 94.56222929 108.73203022 128.73701622  38.3065829   43.05594746  45.53213297   1.0000001    4.79047878]
bear43.jpg:[ 88.59311594 102.62243742 122.13657444  60.49745788  64.6793646  68.719546     1.00000006   6.69565735]
bear44.jpg:[112.51330891 118.37690563 124.3526862   48.10611949  50.61760373  51.16492221   1.00000005   5.86873056]
bear45.jpg:[ 91.35689167  98.82475    102.85151944  81.96134633  71.80699961  67.25968427   1.00000009   5.15606296]
bear46.jpg:[64.23979873 79.20967174 96.1446014  36.89328351 40.79588604 49.36524958  1.          4.70337436]
bear47.jpg:[104.06254125 122.86130363 123.51480198  90.5937593   84.90051616  85.6792149    0.99999996   6.04280308]
bear48.jpg:[159.66617143 163.63469936 179.24027486  96.85639028  90.3897533  81.93753134   1.00000003   4.4521082 ]
bear49.jpg:[ 64.49809524  85.91908844 107.36956463  65.06500623  77.65115487  86.51216325   1.00000001   5.15933578]
bear5.jpg:[ 98.03444132 113.36263666 118.20747588  61.33945865  50.32425276  44.94980347   1.00000008   5.15316025]
bear50.jpg:[97.20413237 79.12119684 96.68143004 51.65718246 49.22911553 52.67145344  0.99999996  6.39833822]
bear51.jpg:[ 86.65213717 117.12393493 104.53786985  46.6419267   51.08647973  41.45079049   0.99999994   5.79840392]
bear52.jpg:[127.48811255 150.73418998 162.39119345  56.02566937  64.8583454  55.93214599   0.99999997   7.00408946]
bear53.jpg:[ 92.86961066 109.67596824  95.95109631  68.04503968  71.6342044  73.58700052   0.99999997   5.54626569]
bear54.jpg:[ 53.349875    90.5101125  103.1828375   37.00626417  50.1601009  47.85176259   0.99999999   4.41889981]
bear55.jpg:[ 93.77425514 112.51035853 125.23625347  65.5013657   56.22528375  59.5724811    0.99999991   5.27271509]
bear56.jpg:[ 99.40109529 132.9313253  136.09605696  78.12223564  68.5324844  61.70574695   0.99999991   6.44489522]
bear57.jpg:[ 51.88240714 121.99005238 110.35481071  51.599829    48.03404322  44.98325679   0.99999999   4.55838184]
bear58.jpg:[ 89.75580343 127.87591298 131.38909403  77.36349416  64.00160157  61.04367081   1.00000005   4.97021515]
bear59.jpg:[103.13960136 112.28930785 118.06410802  81.17187508  75.40046572  73.08291124   0.9999999    5.77507454]
bear6.jpg:[135.91090565 161.10929408 158.47409091  89.39636566  72.03187488  64.93261216   0.99999999   5.34179566]
bear60.jpg:[122.47121088 130.24265034 138.76809252  86.11311287  78.62370863  70.88918794   0.99999999   5.10431164]
bear61.jpg:[140.46668667 143.85025333 151.04266933  71.28797662  69.15917736  64.49790666   1.00000001   6.38071694]
bear62.jpg:[ 94.11659006 114.17370806 132.51804633  53.589399    59.40978125  62.34932123   0.99999993   6.16070936]
bear63.jpg:[170.41856989 180.29746237 193.54352904  86.09015797  80.7115939  73.0022047    0.99999998   4.08589733]
bear64.jpg:[117.26382971 149.14911823 132.66130784  71.10747294  83.8176939  62.45993475   1.00000012   4.62337299]
bear65.jpg:[109.24085744 123.66663223 139.29899449  71.12883188  67.59449382  65.46778109   1.           7.05723989]
bear66.jpg:[ 89.48341411 101.05721311  91.44517106  59.00297584  55.99039207  57.98135519   1.00000001   6.70850695]
bear67.jpg:[ 78.79741667 105.5033625  118.3038375   50.47805597  58.04560532  61.51424933   1.           5.8439002 ]
bear68.jpg:[ 69.42164008 131.92760684 127.67684311  39.38316901  46.84640461  43.65956498   1.00000001   5.00235544]
bear69.jpg:[ 91.5233374  115.29661172 121.95419617  67.59926686  70.46422639  70.43018263   1.00000004   7.04817345]
bear7.jpg:[82.70733181 80.13019425 82.43067823 47.88926622 36.81976071 41.88965911  0.99999996  4.87849754]
bear70.jpg:[82.885492   86.56154577 94.16551611 46.49729408 47.52322592 49.53519712  1.00000001  5.51405452]
bear71.jpg:[61.68320023 68.76514468 73.46695602 51.64997313 49.84278256 50.59574379  1.00000001  4.16976581]
bear72.jpg:[71.24055715 77.37533932 83.18464318 49.32075087 51.0082242  53.2077103  0.99999996  5.65625351]
bear73.jpg:[ 92.49341955 149.1644922  187.35853937  39.41657264  41.39273909  41.80798334   0.99999997   5.24324205]
bear74.jpg:[154.13234089 153.84170495 152.3500612   56.06262194  54.36386843  53.07953028   0.99999999   6.77104604]
bear75.jpg:[114.55797051 133.45195782 144.93365921  61.29096161  57.57802412  63.51271188   0.99999997   6.29731359]
bear76.jpg:[70.81078375 79.15078625 87.08823125 76.12426169 74.30586221 73.6889927  0.99999991  4.81396644]
bear77.jpg:[123.96206315 145.87642179 165.96987075  61.53902801  66.56958629  66.42657911   1.00000005   6.75282249]
bear78.jpg:[137.12908047 152.70660018 165.98610126  54.74267628  52.80339104  51.02235145   1.00000008   5.36174688]
bear79.jpg:[ 93.48777116  98.71459877 104.44131614  66.75435322  65.67582911  64.80316993   0.99999997   6.09029033]
bear8.jpg:[63.415      88.64028333 92.80468333 52.32068241 63.30619075 68.1726832  0.99999996  5.13369651]
bear80.jpg:[45.85719507 72.26648197 85.24410918 44.22400081 52.56351251 53.97511826  1.00000011  4.08767904]
bear81.jpg:[ 69.34913042 106.00866083 112.18100471  40.90918627  49.44849449  47.22611137   0.99999996   5.09337278]
bear82.jpg:[104.9444947  109.60782583 116.35769344  70.309425    69.37357799  66.53520839   1.00000007   7.30157174]
bear83.jpg:[121.96027179 140.75384814 160.77039689  81.5993221   84.81990837  80.5639957    1.0000001    6.34019903]
bear84.jpg:[ 95.85219401  99.67747884 106.01088542  47.01630672  44.70662173  44.67527665   1.00000006   5.88769705]
bear85.png:[ 47.18068049  85.46549467 108.3153895   31.12491557  29.79058006  39.62299797   1.00000004   3.69596284]
bear86.jpg:[ 63.52301997 113.48412534  95.53783402  41.19893985  52.90389784  54.12007433   1.00000008   4.96181726]
bear87.jpg:[44.96058264 57.41704518 57.06661712 46.82268115 46.27138613 47.66813977  1.00000004  3.17246279]
bear88.jpg:[81.69255278 96.50819722 96.40105    54.34001264 51.76274137 56.00775232  0.99999996  5.31852491]
bear89.jpg:[124.32573459 134.53617079 130.85582574  66.44236043  60.27871155  53.29522872   0.99999994   6.58179204]
bear9.jpg:[106.87128148 106.81401852 109.38102593  80.49393003  56.47883615  46.50054027   1.00000001   5.51603679]
bear90.JPG:[107.93756579 110.16480263 117.00826128  67.04525392  65.02251946  60.98893972   1.00000004   5.48831905]
bear91.jpg:[50.53348296 71.73958048 77.92417078 44.82383284 53.8413624  55.94622144  0.99999992  4.42293183]
bear93.jpg:[ 77.92676185 108.35044072 112.69963584  49.06883521  51.41006427  51.94111389   0.99999995   5.56232121]
bear94.jpg:[193.75002037 209.3536977  209.7971793   87.7242678   70.42507576  69.21118327   0.99999995   2.41811643]
bear95.jpg:[149.69990411 177.84262791 198.3492261   75.41462645  70.63458174  56.53512495   1.00000001   5.79840056]
croco1.jpg:[125.57971463 136.79884265 138.64240587  65.15375354  65.19657969  70.53986694   0.99999996   6.81655478]
croco10.jpg:[114.5766059  135.75544223 137.17606096  66.95843862  61.46557864  56.61197013   0.99999996   5.56317291]
croco11.jpeg:[ 96.34071811 126.76784145 141.73100817  59.84226078  58.69304552  62.02467935   0.99999993   6.91521237]
croco12.jpg:[124.50380702 137.15763428 150.2769865   54.69785553  57.40680336  69.7403037    0.99999991   5.94718754]
croco13.jpg:[111.14609909 124.27600225 127.98666382  67.50811661  66.69360462  71.04673914   0.99999996   7.63041284]
croco14.jpg:[ 83.47972336 104.10610656 104.08746926  68.20881856  68.15201361  74.962941     0.99999994   4.76476905]
croco15.jpg:[ 69.32041765 101.26396427 112.46534355  39.37333968  43.41858589  46.97831762   1.00000001   4.35053728]
croco16.jpg:[ 83.54340996 112.24152874 133.23004598  49.41161536  60.12923035  63.69335754   0.99999993   5.61203539]
croco17.jpg:[163.72527167 176.56783483 193.31459861  70.08700975  69.02851505  62.51314699   0.99999998   5.86559086]
croco18.jpg:[ 94.49281461 107.91250281  89.93941011  57.62970802  49.10059691  59.76822836   1.00000001   6.30760898]
croco19.jpg:[ 84.40055827 115.89309245 120.47027018  65.2531616   68.44814374  66.91383507   1.00000003   6.67348055]
croco2.jpg:[111.73067438 126.5566125  133.03059563  45.99077301  46.41536027  47.75883249   1.           5.54833338]
croco20.jpg:[ 94.25195949 104.52361747 109.99711184  48.88837582  56.82048249  63.7015409    0.99999997   5.41596807]
croco21.jpg:[ 94.07299728 109.28913559 120.20720668  65.26780299  64.99543568  64.22384694   1.00000001   7.11843035]
croco22.jpg:[ 99.39958723 106.58015034 102.46410953  71.13607025  64.47655589  68.76491301   1.           7.01672445]
croco23.jpg:[ 71.36163698 116.39829426 128.95298773  38.15674284  43.01775638  45.37719843   0.99999992   4.72050269]
croco24.jpg:[ 85.2311     103.59319474 120.78284211  61.40048961  62.86727882  65.96553997   1.00000008   6.54691251]
croco25.jpg:[109.62197293 123.57917854 135.46787567  44.95493171  40.01165233  41.7565126    1.00000001   5.15895543]
croco26.jpg:[109.38390266 111.03383012 110.78913875  60.76713242  56.18956523  54.83461999   1.00000006   7.1624581 ]
croco27.jpg:[ 98.99476676 125.83464043 153.54546161  41.30338201  47.05109631  56.3567098    1.00000006   5.35215956]
croco28.jpg:[105.04215801 132.10734889 161.52752121  58.90277374  62.65536907  69.14414586   0.99999997   5.93644991]
croco29.jpg:[ 86.08380812  97.85490504 107.17173368  48.56392212  59.43328984  66.33277617   1.           5.71781481]
croco3.jpg:[ 85.80678257 122.10310552 122.08945643  61.16442956  56.91341437  70.59955672   1.00000005   6.47134366]
croco30.jpg:[62.76108915 82.7499451  88.57592007 51.24678489 45.75528053 47.14290703  1.          4.7757362 ]
croco31.jpg:[ 78.41518968 100.17586207 111.09179024  60.95882489  57.00901294  52.09784496   1.00000001   5.82649504]
croco32.jpg:[118.80143561 153.97987879 155.62956061  51.16079798  59.83092431  60.18514901   0.99999994   6.45827904]
croco33.jpg:[111.5440024  142.01886418 155.56196514  64.72138994  57.32777069  66.06666674   0.99999998   5.93301142]
croco34.png:[ 88.21218182 110.98252273 118.82177273  39.32355501  44.51127221  48.36927799   1.00000003   4.88559365]
croco35.jpg:[107.45145402 123.68321338 109.71854598  63.18981079  51.60107179  51.74203228   1.00000005   6.74353096]
croco36.jpg:[134.69495985 155.32057075 163.63386176  75.98106263  78.23418613  80.85709567   0.99999998   6.80567434]
croco37.jpg:[ 71.53652016 107.28195565 121.66855242  29.36958236  27.86783491  29.06835869   0.99999996   3.37339131]
croco38.jpg:[ 78.54641407 122.77892518  97.27694488  45.7202599   47.30213609  50.76146291   0.99999994   5.68775918]
croco39.jpg:[105.8197375  115.61747083 115.02632083  50.39766233  44.33459974  45.2905937    0.99999994   5.83199548]
croco4.jpg:[ 91.27059679 110.19531033 109.24962457  37.69090504  38.23531306  37.82573252   0.99999998   4.64054132]
croco40.jpg:[87.19001796 97.99994373 95.16140495 47.69887267 45.60146955 43.54046362  1.00000005  5.73376077]
croco41.jpg:[112.07773775 132.91412104 140.2301585   50.81261732  54.33817193  59.07787344   0.9999999    5.96597721]
croco42.jpg:[154.64639866 180.69686767 189.82959799  58.14690134  65.244129  69.15967535   1.00000001   6.01368625]
croco43.jpg:[113.24771029 120.64585185 130.07801481  81.20776595  82.88679489  83.0820293    0.99999995   5.65592357]
croco44.jpg:[ 70.44213564 116.96484488 134.21097583  59.96062732  62.68011859  63.57333326   1.00000005   5.65536656]
croco45.jpg:[109.08519019 127.56226024 135.52581877  52.82992456  50.11296681  49.25913598   0.99999995   6.57902021]
croco46.jpg:[64.11516523 72.20081485 75.73655048 60.47915564 62.53751011 65.12831032  0.99999997  4.48219869]
croco47.jpg:[60.44762845 82.91500007 77.4484236  26.17565654 39.11044279 45.22079634  1.0000001   3.36584851]
croco48.jpg:[55.1394186  83.6846984  87.22499273 56.31942579 55.81914148 65.3679124  0.99999998  3.16275937]
croco49.jpg:[135.6718     145.59372381 139.57406667  72.4685169   72.90159556  74.23731439   0.99999995   7.43685153]
croco5.jpg:[ 87.7442847  121.48984342 122.26918861  55.99746236  57.98338064  56.62614552   1.           6.21156576]
croco50.jpg:[105.68036565 136.59185374 137.64120748  71.2643547   56.24492387  63.13162278   0.99999999   6.45601325]
croco51.jpg:[162.92630931 179.89949798 176.90884534  94.0552466   78.91102213  84.76149837   0.99999993   4.23491081]
croco52.jpg:[69.52061104 73.65012964 79.58140955 67.95836899 68.7218215  65.37540034  0.99999995  5.05734176]
croco53.jpg:[ 47.12454457  95.08807789 104.1592867   43.27277069  43.68166325  46.13399129   0.99999997   4.08363561]
croco54.jpg:[117.20805147 132.56801103 137.16656985  65.11722361  64.73512275  67.31966237   0.99999999   7.37623311]
croco55.jpg:[57.63899329 71.99353468 98.86015101 45.17624879 52.57574176 63.70909856  1.00000002  4.17697547]
croco56.jpg:[ 94.3546643  112.83394563 133.57721367  45.6662568   50.56347814  61.19451271   0.99999997   5.59997355]
croco57.jpg:[106.75600185 112.52876895 121.72242884  59.96992886  60.83035342  65.98230441   0.99999994   6.61456681]
croco58.jpg:[105.39066569 116.67077637 124.88877116  61.99680516  63.37426186  66.73815703   1.           7.32000213]
croco59.jpg:[116.11671698 128.73557862 130.44850943  67.13282572  62.53512301  58.76812277   1.00000004   7.69333206]
croco6.jpg:[112.99170281 128.37682398 137.88061224  51.07048027  42.73062747  39.45898244   1.00000011   5.94716192]
croco60.jpg:[106.2809719  111.08173009 115.00326698  51.05811953  55.5187664  58.87139042   0.99999998   6.1924361 ]
croco61.jpg:[119.96083153 128.9888438  131.05545635  66.25362421  58.11803522  52.98097568   0.99999999   7.60424805]
croco62.jpeg:[114.74710714 114.16405357 117.5105      58.34919918  59.05321659  58.74205688   1.00000003   7.15179221]
croco63.jpg:[ 79.32561022 106.98794788 100.75081531  36.34126973  43.70197354  49.61117817   0.99999994   4.55811579]
croco64.jpg:[ 76.89455611 123.22688442 139.5940536   48.99754536  50.50519682  50.82473463   0.99999994   5.29120143]
croco65.jpg:[ 99.64421972 103.86001205  97.45228704  76.24661356  70.46526604  59.79683549   0.99999996   6.02498425]
croco66.jpg:[82.20042125 90.54801282 94.62542582 46.36856198 45.27979139 45.49578001  0.99999997  5.60105983]
croco67.jpg:[114.29023789 130.16371256 127.06731172  65.68565003  62.93179476  65.29279091   1.00000006   7.60376474]
croco68.jpg:[165.4269818  175.6183953  181.91384999  53.328597    54.62100979  56.56862507   1.00000004   5.05769396]
croco69.jpg:[110.55935882 145.76439267 153.39587654  69.99182424  56.27709021  55.98356544   0.99999998   7.49007168]
croco7.jpg:[125.05993231 127.93652601 128.12308305  62.86015249  59.73991845  59.85095031   1.00000007   7.3620195 ]
croco70.jpg:[187.41776974 194.56529837 202.20383363  90.92815999  83.11556135  74.60077419   1.00000009   2.97105473]
croco71.jpg:[126.92350394 155.33732978 149.75851088  49.05834642  42.27702136  42.19637756   0.99999996   6.36293101]
croco72.jpg:[53.13419259 68.17387969 72.95947467 41.4654024  41.8064797  40.12807041  1.00000008  4.17659211]
croco73.jpg:[67.60273358 75.72998798 75.42347609 59.43967939 54.76780845 55.3634274  1.00000001  5.17531958]
croco74.JPG:[ 78.9361074  102.41652311 116.45420133  46.69650008  62.89301498  66.09666762   1.00000002   5.25779018]
croco75.jpg:[114.49968226 132.76259488 144.81710503  32.64442916  27.63355793  28.36155361   1.00000005   3.9366816 ]
croco76.jpg:[117.73950061 123.13591404 125.15411925  39.92781676  31.96312421  32.34930163   0.99999995   4.32655469]
croco77.jpg:[112.73537599 120.86299251 126.41424951  51.02379305  47.85662492  48.80919148   0.99999999   6.3036193 ]
croco78.jpg:[121.47771429 120.6958836  134.52793651  57.66313028  43.27976873  41.81371756   0.99999991   6.11785528]
croco79.jpg:[ 60.61178149 115.71141514 169.45889471  42.86106045  56.31143408  73.17986018   1.00000001   4.6980579 ]
croco8.jpg:[74.3534949  92.70434524 98.75162415 43.79630939 46.45178517 47.22849979  0.99999989  4.82361899]
croco80.jpg:[ 94.66634948 102.7083236  112.64189281  52.93387626  58.99957487  65.53210791   0.99999996   6.50772694]
croco81.jpg:[ 71.82563235 104.04513971 123.78398162  47.22594354  53.52241565  60.92463233   1.00000007   5.53390873]
croco82.jpg:[ 80.15989278 102.49836619 128.47403947  44.69706652  50.93796454  63.14207299   0.9999999    5.49951232]
croco83.jpg:[ 83.469      101.54430208 114.25787917  62.81726913  58.93549436  62.16550315   1.           6.21894656]
croco84.jpg:[ 61.60417055 100.70821115  91.62648282  34.07219846  32.88534839  38.60304999   0.99999996   2.78498884]
croco85.jpg:[ 80.6576087   98.78132411 112.11862648  40.70645205  36.78354035  39.53814075   1.00000007   4.77929097]
croco86.jpg:[ 98.44048968 109.9027646  109.20824989  57.27393492  56.14477176  54.72379364   0.99999996   6.63383403]
croco87.jpg:[41.773913   59.05195457 77.0108994  33.2889881  37.60897252 48.94926188  0.99999996  3.60999343]
croco88.jpg:[226.70798242 230.7767625  229.57632539  70.30016664  61.17174742  64.83135109   0.99999999   1.01772833]
croco89.jpeg:[79.1605727  93.31621742 98.27591221 53.98052297 54.79324716 50.08703437  1.00000005  6.1656224 ]
croco9.jpg:[144.60054222 163.68556889 179.95209778  51.50281302  59.44002221  64.6624303    0.99999996   5.67487085]
croco90.jpg:[ 57.91914791 109.35472745 113.57577017  66.56268067  55.40887357  61.18628311   1.00000009   4.41706381]
croco91.jpg:[ 64.14113764  97.48511671 134.1385026   45.97497866  36.9405765  36.18222912   0.99999995   5.06509854]
croco92.jpg:[ 91.58723353 101.68153892 100.84811377  57.968241    65.13216891  64.81413068   1.00000008   6.2070199 ]
croco93.jpg:[127.20998602 125.43928993 126.06314318  59.53398676  54.05964867  53.05416459   1.00000004   6.80067671]
